29
0 35 7 45 22 14 34 36 13 24 4 34 40 23 26 40 13 5 19 20 24 36 41 42 38 33 2 7 33
35 0 46 25 50 14 34 13 30 32 15 47 31 35 35 36 22 48 12 31 10 28 4 34 6 32 49 7 30
7 46 0 38 14 22 40 34 45 44 14 33 35 4 24 32 14 46 30 17 41 50 28 28 38 50 30 16 27
45 25 38 0 7 46 10 4 2 1 45 16 16 41 15 30 43 18 1 41 41 7 47 42 34 26 22 49 7
22 50 14 7 0 33 33 13 47 34 26 4 26 3 50 45 20 2 47 45 42 10 50 40 47 44 19 47 29
14 14 22 46 33 0 34 4 28 50 17 30 41 43 31 37 35 35 35 35 35 16 48 26 24 24 16 16 16
34 34 40 10 33 34 0 9 4 50 39 21 39 13 49 12 37 14 5 21 12 41 35 50 30 21 45 45 5
36 13 34 4 13 4 9 0 22 17 31 36 23 17 29 25 49 39 43 32 28 21 22 50 10 42 17 1 45
13 30 45 2 47 28 4 22 0 26 15 36 12 10 39 1 25 24 12 24 7 6 45 31 28 30 22 5 47
24 32 44 1 34 50 50 17 26 0 21 43 22 14 29 23 12 33 11 37 41 33 43 38 36 11 37 34 9
4 15 14 45 26 17 39 31 15 21 0 9 2 23 42 25 18 45 40 16 8 31 16 9 39 25 5 6 40
34 47 33 16 4 30 21 36 36 43 9 0 13 21 30 42 3 31 5 16 17 50 46 23 21 8 27 32 40
40 31 35 16 26 41 39 23 12 22 2 13 0 18 45 46 33 12 8 41 46 48 13 36 14 32 25 16 4
23 35 4 41 3 43 13 17 10 14 23 21 18 0 33 1 25 15 20 40 47 16 22 16 38 42 49 39 38
26 35 24 15 50 31 49 29 39 29 42 30 45 33 0 6 45 13 23 21 14 41 30 26 3 42 43 16 3
40 36 32 30 45 37 12 25 1 23 25 42 46 1 6 0 44 12 22 5 5 17 38 45 17 42 50 30 49
13 22 14 43 20 35 37 49 25 12 18 3 33 25 45 44 0 41 34 33 39 23 7 45 11 42 26 7 19
5 48 46 18 2 35 14 39 24 33 45 31 12 15 13 12 41 0 35 8 32 8 11 14 9 46 38 34 4
19 12 30 1 47 35 5 43 12 11 40 5 8 20 23 22 34 35 0 44 47 36 30 48 49 5 6 15 6
20 31 17 41 45 35 21 32 24 37 16 16 41 40 21 5 33 8 44 0 8 34 29 24 33 28 13 27 13
24 10 41 41 42 35 12 28 7 41 8 17 46 47 14 5 39 32 47 8 0 42 17 23 1 14 6 47 23
36 28 50 7 10 16 41 21 6 33 31 50 48 16 41 17 23 8 36 34 42 0 19 35 45 25 33 39 17
41 4 28 47 50 48 35 22 45 43 16 46 13 22 30 38 7 11 30 29 17 19 0 10 24 32 25 19 20
42 34 28 42 40 26 50 50 31 38 9 23 36 16 26 45 45 14 48 24 23 35 10 0 4 42 43 12 6
38 6 38 34 47 24 30 10 28 36 39 21 14 38 3 17 11 9 49 33 1 45 24 4 0 35 42 19 41
33 32 50 26 44 24 21 42 30 11 25 8 32 42 42 42 42 46 5 28 14 25 32 42 35 0 24 43 42
2 49 30 22 19 16 45 17 22 37 5 27 25 49 43 50 26 38 6 13 6 33 25 43 42 24 0 7 26
7 7 16 49 47 16 45 1 5 34 6 32 16 39 16 30 7 34 15 27 47 39 19 12 19 43 7 0 6
33 30 27 7 29 16 5 45 47 9 40 40 4 38 3 49 19 4 6 13 23 17 20 6 41 42 26 6 0
